triples := [ PowerSequence(PermutationGroup<24 |  
\[ 2, 4, 6, 8, 3, 9, 12, 1, 5, 14, 15, 13, 17, 11, 10, 20, 7, 22, 23, 21, 24, 19, 18, 16 ],
\[ 3, 5, 7, 9, 10, 11, 1, 6, 13, 2, 8, 16, 4, 18, 19, 20, 21, 22, 23, 12, 24, 14, 15, 17 ]:
 Order := 120 >) |
[ PermutationGroup<24 |  
\[ 2, 4, 6, 8, 3, 9, 12, 1, 5, 14, 15, 13, 17, 11, 10, 20, 7, 22, 23, 21, 24, 19, 18, 16 ],
\[ 3, 5, 7, 9, 10, 11, 1, 6, 13, 2, 8, 16, 4, 18, 19, 20, 21, 22, 23, 12, 24, 14, 15, 17 ]:
 Order := 120 > |
[ 5, 9, 11, 6, 7, 13, 16, 3, 10, 18, 19, 4, 21, 8, 2, 12, 1, 14, 15, 24, 17, 23, 22, 20 ],
[ 24, 23, 9, 20, 6, 5, 14, 22, 3, 17, 12, 21, 15, 19, 18, 2, 16, 4, 1, 7, 8, 10, 11, 13 ],
[ 10, 13, 21, 11, 19, 18, 6, 7, 16, 3, 9, 17, 5, 15, 14, 20, 12, 22, 23, 1, 24, 2, 8, 4 ]
],
[ PermutationGroup<24 |  
\[ 2, 4, 6, 8, 3, 9, 12, 1, 5, 14, 15, 13, 17, 11, 10, 20, 7, 22, 23, 21, 24, 19, 18, 16 ],
\[ 3, 5, 7, 9, 10, 11, 1, 6, 13, 2, 8, 16, 4, 18, 19, 20, 21, 22, 23, 12, 24, 14, 15, 17 ]:
 Order := 120 > |
[ 3, 5, 7, 9, 10, 11, 1, 6, 13, 2, 8, 16, 4, 18, 19, 20, 21, 22, 23, 12, 24, 14, 15, 17 ],
[ 9, 6, 14, 3, 17, 12, 24, 5, 15, 23, 22, 2, 20, 4, 1, 7, 8, 10, 11, 21, 13, 19, 18, 16 ],
[ 16, 18, 15, 21, 12, 17, 4, 19, 14, 8, 2, 13, 1, 11, 10, 6, 7, 3, 9, 24, 5, 23, 22, 20 ]
],
[ PermutationGroup<24 |  
\[ 2, 4, 6, 8, 3, 9, 12, 1, 5, 14, 15, 13, 17, 11, 10, 20, 7, 22, 23, 21, 24, 19, 18, 16 ],
\[ 3, 5, 7, 9, 10, 11, 1, 6, 13, 2, 8, 16, 4, 18, 19, 20, 21, 22, 23, 12, 24, 14, 15, 17 ]:
 Order := 120 > |
[ 3, 5, 7, 9, 10, 11, 1, 6, 13, 2, 8, 16, 4, 18, 19, 20, 21, 22, 23, 12, 24, 14, 15, 17 ],
[ 19, 16, 9, 18, 6, 5, 20, 21, 3, 22, 23, 11, 24, 7, 13, 17, 10, 15, 14, 4, 12, 8, 2, 1 ],
[ 14, 17, 24, 15, 23, 22, 9, 12, 20, 6, 5, 7, 3, 10, 11, 21, 13, 19, 18, 2, 16, 4, 1, 8 ]
],
[ PermutationGroup<24 |  
\[ 2, 4, 6, 8, 3, 9, 12, 1, 5, 14, 15, 13, 17, 11, 10, 20, 7, 22, 23, 21, 24, 19, 18, 16 ],
\[ 3, 5, 7, 9, 10, 11, 1, 6, 13, 2, 8, 16, 4, 18, 19, 20, 21, 22, 23, 12, 24, 14, 15, 17 ]:
 Order := 120 > |
[ 3, 5, 7, 9, 10, 11, 1, 6, 13, 2, 8, 16, 4, 18, 19, 20, 21, 22, 23, 12, 24, 14, 15, 17 ],
[ 7, 10, 19, 13, 16, 21, 12, 11, 18, 14, 15, 6, 17, 3, 9, 4, 5, 8, 2, 20, 1, 22, 23, 24 ],
[ 1, 2, 21, 4, 19, 18, 14, 8, 16, 17, 12, 20, 15, 22, 23, 7, 24, 10, 11, 5, 13, 9, 3, 6 ]
],
[ PermutationGroup<24 |  
\[ 2, 4, 6, 8, 3, 9, 12, 1, 5, 14, 15, 13, 17, 11, 10, 20, 7, 22, 23, 21, 24, 19, 18, 16 ],
\[ 3, 5, 7, 9, 10, 11, 1, 6, 13, 2, 8, 16, 4, 18, 19, 20, 21, 22, 23, 12, 24, 14, 15, 17 ]:
 Order := 120 > |
[ 3, 5, 7, 9, 10, 11, 1, 6, 13, 2, 8, 16, 4, 18, 19, 20, 21, 22, 23, 12, 24, 14, 15, 17 ],
[ 22, 24, 7, 23, 10, 11, 17, 20, 13, 15, 14, 2, 12, 4, 1, 16, 8, 18, 19, 3, 21, 5, 6, 9 ],
[ 3, 5, 15, 9, 12, 17, 20, 6, 14, 22, 23, 8, 24, 1, 4, 13, 2, 11, 10, 16, 7, 18, 19, 21 ]
],
[ PermutationGroup<24 |  
\[ 2, 4, 6, 8, 3, 9, 12, 1, 5, 14, 15, 13, 17, 11, 10, 20, 7, 22, 23, 21, 24, 19, 18, 16 ],
\[ 3, 5, 7, 9, 10, 11, 1, 6, 13, 2, 8, 16, 4, 18, 19, 20, 21, 22, 23, 12, 24, 14, 15, 17 ]:
 Order := 120 > |
[ 3, 5, 7, 9, 10, 11, 1, 6, 13, 2, 8, 16, 4, 18, 19, 20, 21, 22, 23, 12, 24, 14, 15, 17 ],
[ 23, 20, 4, 22, 8, 2, 7, 24, 1, 10, 11, 18, 13, 21, 16, 6, 19, 3, 9, 15, 5, 12, 17, 14 ],
[ 7, 10, 9, 13, 6, 5, 18, 11, 3, 21, 16, 2, 19, 4, 1, 22, 8, 24, 20, 15, 23, 12, 17, 14 ]
],
[ PermutationGroup<24 |  
\[ 2, 4, 6, 8, 3, 9, 12, 1, 5, 14, 15, 13, 17, 11, 10, 20, 7, 22, 23, 21, 24, 19, 18, 16 ],
\[ 3, 5, 7, 9, 10, 11, 1, 6, 13, 2, 8, 16, 4, 18, 19, 20, 21, 22, 23, 12, 24, 14, 15, 17 ]:
 Order := 120 > |
[ 3, 5, 7, 9, 10, 11, 1, 6, 13, 2, 8, 16, 4, 18, 19, 20, 21, 22, 23, 12, 24, 14, 15, 17 ],
[ 2, 4, 6, 8, 3, 9, 12, 1, 5, 14, 15, 13, 17, 11, 10, 20, 7, 22, 23, 21, 24, 19, 18, 16 ],
[ 17, 15, 8, 12, 1, 4, 5, 14, 2, 9, 3, 16, 6, 18, 19, 7, 21, 10, 11, 24, 13, 23, 22, 20 ]
],
[ PermutationGroup<24 |  
\[ 2, 4, 6, 8, 3, 9, 12, 1, 5, 14, 15, 13, 17, 11, 10, 20, 7, 22, 23, 21, 24, 19, 18, 16 ],
\[ 3, 5, 7, 9, 10, 11, 1, 6, 13, 2, 8, 16, 4, 18, 19, 20, 21, 22, 23, 12, 24, 14, 15, 17 ]:
 Order := 120 > |
[ 3, 5, 7, 9, 10, 11, 1, 6, 13, 2, 8, 16, 4, 18, 19, 20, 21, 22, 23, 12, 24, 14, 15, 17 ],
[ 2, 4, 24, 8, 23, 22, 11, 1, 20, 7, 13, 21, 10, 19, 18, 12, 16, 14, 15, 3, 17, 5, 6, 9 ],
[ 10, 13, 8, 11, 1, 4, 20, 7, 2, 22, 23, 9, 24, 6, 5, 16, 3, 18, 19, 17, 21, 15, 14, 12 ]
],
[ PermutationGroup<24 |  
\[ 2, 4, 6, 8, 3, 9, 12, 1, 5, 14, 15, 13, 17, 11, 10, 20, 7, 22, 23, 21, 24, 19, 18, 16 ],
\[ 3, 5, 7, 9, 10, 11, 1, 6, 13, 2, 8, 16, 4, 18, 19, 20, 21, 22, 23, 12, 24, 14, 15, 17 ]:
 Order := 120 > |
[ 9, 6, 13, 3, 11, 10, 4, 5, 7, 8, 2, 21, 1, 19, 18, 24, 16, 23, 22, 17, 20, 15, 14, 12 ],
[ 5, 9, 11, 6, 7, 13, 16, 3, 10, 18, 19, 4, 21, 8, 2, 12, 1, 14, 15, 24, 17, 23, 22, 20 ],
[ 6, 3, 12, 5, 14, 15, 2, 9, 17, 4, 1, 20, 8, 22, 23, 21, 24, 19, 18, 13, 16, 11, 10, 7 ]
],
[ PermutationGroup<24 |  
\[ 2, 4, 6, 8, 3, 9, 12, 1, 5, 14, 15, 13, 17, 11, 10, 20, 7, 22, 23, 21, 24, 19, 18, 16 ],
\[ 3, 5, 7, 9, 10, 11, 1, 6, 13, 2, 8, 16, 4, 18, 19, 20, 21, 22, 23, 12, 24, 14, 15, 17 ]:
 Order := 120 > |
[ 9, 6, 13, 3, 11, 10, 4, 5, 7, 8, 2, 21, 1, 19, 18, 24, 16, 23, 22, 17, 20, 15, 14, 12 ],
[ 3, 5, 15, 9, 12, 17, 20, 6, 14, 22, 23, 8, 24, 1, 4, 13, 2, 11, 10, 16, 7, 18, 19, 21 ],
[ 16, 18, 15, 21, 12, 17, 4, 19, 14, 8, 2, 13, 1, 11, 10, 6, 7, 3, 9, 24, 5, 23, 22, 20 ]
],
[ PermutationGroup<24 |  
\[ 2, 4, 6, 8, 3, 9, 12, 1, 5, 14, 15, 13, 17, 11, 10, 20, 7, 22, 23, 21, 24, 19, 18, 16 ],
\[ 3, 5, 7, 9, 10, 11, 1, 6, 13, 2, 8, 16, 4, 18, 19, 20, 21, 22, 23, 12, 24, 14, 15, 17 ]:
 Order := 120 > |
[ 2, 4, 6, 8, 3, 9, 12, 1, 5, 14, 15, 13, 17, 11, 10, 20, 7, 22, 23, 21, 24, 19, 18, 16 ],
[ 7, 10, 19, 13, 16, 21, 12, 11, 18, 14, 15, 6, 17, 3, 9, 4, 5, 8, 2, 20, 1, 22, 23, 24 ],
[ 18, 21, 17, 19, 15, 14, 13, 16, 12, 11, 10, 1, 7, 2, 8, 24, 4, 23, 22, 5, 20, 9, 3, 6 ]
],
[ PermutationGroup<24 |  
\[ 2, 4, 6, 8, 3, 9, 12, 1, 5, 14, 15, 13, 17, 11, 10, 20, 7, 22, 23, 21, 24, 19, 18, 16 ],
\[ 3, 5, 7, 9, 10, 11, 1, 6, 13, 2, 8, 16, 4, 18, 19, 20, 21, 22, 23, 12, 24, 14, 15, 17 ]:
 Order := 120 > |
[ 2, 4, 6, 8, 3, 9, 12, 1, 5, 14, 15, 13, 17, 11, 10, 20, 7, 22, 23, 21, 24, 19, 18, 16 ],
[ 22, 24, 7, 23, 10, 11, 17, 20, 13, 15, 14, 2, 12, 4, 1, 16, 8, 18, 19, 3, 21, 5, 6, 9 ],
[ 17, 15, 22, 12, 24, 20, 7, 14, 23, 10, 11, 3, 13, 5, 6, 2, 9, 4, 1, 16, 8, 18, 19, 21 ]
],
[ PermutationGroup<24 |  
\[ 2, 4, 6, 8, 3, 9, 12, 1, 5, 14, 15, 13, 17, 11, 10, 20, 7, 22, 23, 21, 24, 19, 18, 16 ],
\[ 3, 5, 7, 9, 10, 11, 1, 6, 13, 2, 8, 16, 4, 18, 19, 20, 21, 22, 23, 12, 24, 14, 15, 17 ]:
 Order := 120 > |
[ 2, 4, 6, 8, 3, 9, 12, 1, 5, 14, 15, 13, 17, 11, 10, 20, 7, 22, 23, 21, 24, 19, 18, 16 ],
[ 16, 18, 1, 21, 2, 8, 23, 19, 4, 20, 24, 12, 22, 14, 15, 11, 17, 7, 13, 9, 10, 6, 5, 3 ],
[ 6, 3, 23, 5, 20, 24, 17, 9, 22, 15, 14, 18, 12, 21, 16, 11, 19, 7, 13, 1, 10, 2, 8, 4 ]
],
[ PermutationGroup<24 |  
\[ 2, 4, 6, 8, 3, 9, 12, 1, 5, 14, 15, 13, 17, 11, 10, 20, 7, 22, 23, 21, 24, 19, 18, 16 ],
\[ 3, 5, 7, 9, 10, 11, 1, 6, 13, 2, 8, 16, 4, 18, 19, 20, 21, 22, 23, 12, 24, 14, 15, 17 ]:
 Order := 120 > |
[ 2, 4, 6, 8, 3, 9, 12, 1, 5, 14, 15, 13, 17, 11, 10, 20, 7, 22, 23, 21, 24, 19, 18, 16 ],
[ 23, 20, 13, 22, 11, 10, 12, 24, 7, 14, 15, 8, 17, 1, 4, 21, 2, 19, 18, 9, 16, 6, 5, 3 ],
[ 12, 14, 23, 17, 20, 24, 13, 15, 22, 11, 10, 9, 7, 6, 5, 8, 3, 1, 4, 21, 2, 19, 18, 16 ]
],
[ PermutationGroup<24 |  
\[ 2, 4, 6, 8, 3, 9, 12, 1, 5, 14, 15, 13, 17, 11, 10, 20, 7, 22, 23, 21, 24, 19, 18, 16 ],
\[ 3, 5, 7, 9, 10, 11, 1, 6, 13, 2, 8, 16, 4, 18, 19, 20, 21, 22, 23, 12, 24, 14, 15, 17 ]:
 Order := 120 > |
[ 2, 4, 6, 8, 3, 9, 12, 1, 5, 14, 15, 13, 17, 11, 10, 20, 7, 22, 23, 21, 24, 19, 18, 16 ],
[ 20, 22, 2, 24, 4, 1, 18, 23, 8, 21, 16, 13, 19, 11, 10, 15, 7, 12, 17, 5, 14, 9, 3, 6 ],
[ 9, 6, 20, 3, 22, 23, 19, 5, 24, 16, 21, 17, 18, 15, 14, 4, 12, 8, 2, 11, 1, 7, 13, 10 ]
],
[ PermutationGroup<24 |  
\[ 2, 4, 6, 8, 3, 9, 12, 1, 5, 14, 15, 13, 17, 11, 10, 20, 7, 22, 23, 21, 24, 19, 18, 16 ],
\[ 3, 5, 7, 9, 10, 11, 1, 6, 13, 2, 8, 16, 4, 18, 19, 20, 21, 22, 23, 12, 24, 14, 15, 17 ]:
 Order := 120 > |
[ 7, 10, 19, 13, 16, 21, 12, 11, 18, 14, 15, 6, 17, 3, 9, 4, 5, 8, 2, 20, 1, 22, 23, 24 ],
[ 16, 18, 1, 21, 2, 8, 23, 19, 4, 20, 24, 12, 22, 14, 15, 11, 17, 7, 13, 9, 10, 6, 5, 3 ],
[ 4, 8, 14, 1, 17, 12, 3, 2, 15, 5, 6, 18, 9, 21, 16, 23, 19, 20, 24, 10, 22, 13, 7, 11 ]
],
[ PermutationGroup<24 |  
\[ 2, 4, 6, 8, 3, 9, 12, 1, 5, 14, 15, 13, 17, 11, 10, 20, 7, 22, 23, 21, 24, 19, 18, 16 ],
\[ 3, 5, 7, 9, 10, 11, 1, 6, 13, 2, 8, 16, 4, 18, 19, 20, 21, 22, 23, 12, 24, 14, 15, 17 ]:
 Order := 120 > |
[ 7, 10, 19, 13, 16, 21, 12, 11, 18, 14, 15, 6, 17, 3, 9, 4, 5, 8, 2, 20, 1, 22, 23, 24 ],
[ 13, 11, 3, 7, 5, 6, 19, 10, 9, 16, 21, 8, 18, 1, 4, 23, 2, 20, 24, 14, 22, 17, 12, 15 ],
[ 11, 7, 20, 10, 22, 23, 14, 13, 24, 17, 12, 4, 15, 8, 2, 5, 1, 9, 3, 18, 6, 21, 16, 19 ]
],
[ PermutationGroup<24 |  
\[ 2, 4, 6, 8, 3, 9, 12, 1, 5, 14, 15, 13, 17, 11, 10, 20, 7, 22, 23, 21, 24, 19, 18, 16 ],
\[ 3, 5, 7, 9, 10, 11, 1, 6, 13, 2, 8, 16, 4, 18, 19, 20, 21, 22, 23, 12, 24, 14, 15, 17 ]:
 Order := 120 > |
[ 7, 10, 19, 13, 16, 21, 12, 11, 18, 14, 15, 6, 17, 3, 9, 4, 5, 8, 2, 20, 1, 22, 23, 24 ],
[ 9, 6, 13, 3, 11, 10, 4, 5, 7, 8, 2, 21, 1, 19, 18, 24, 16, 23, 22, 17, 20, 15, 14, 12 ],
[ 12, 14, 23, 17, 20, 24, 13, 15, 22, 11, 10, 9, 7, 6, 5, 8, 3, 1, 4, 21, 2, 19, 18, 16 ]
]
];

genera := [ 7, 3, 5, 1, 3, 3, 4, 2, 7, 7, 4, 2, 4, 6, 6, 3, 3, 5 ];


triples_prim := [ PowerSequence(Sym(6)) |
[ Sym(6) |
[ 2, 4, 3, 5, 6, 1 ],
[ 3, 2, 4, 6, 1, 5 ],
[ 4, 5, 1, 2, 3, 6 ]
],
[ Sym(6) |
[ 2, 4, 6, 1, 3, 5 ],
[ 2, 5, 4, 6, 1, 3 ],
[ 3, 5, 2, 1, 4, 6 ]
],
[ Sym(6) |
[ 2, 5, 6, 3, 1, 4 ],
[ 3, 2, 4, 5, 6, 1 ],
[ 4, 6, 3, 5, 2, 1 ]
],
[ Sym(6) |
[ 2, 3, 1, 6, 4, 5 ],
[ 3, 4, 5, 1, 2, 6 ],
[ 1, 4, 5, 3, 6, 2 ]
],
[ Sym(6) |
[ 2, 4, 5, 1, 6, 3 ],
[ 3, 4, 2, 5, 1, 6 ],
[ 2, 5, 6, 3, 1, 4 ]
],
[ Sym(6) |
[ 2, 4, 5, 1, 6, 3 ],
[ 3, 1, 5, 4, 6, 2 ],
[ 4, 2, 5, 6, 1, 3 ]
],
[ Sym(6) |
[ 2, 4, 5, 1, 6, 3 ],
[ 1, 2, 4, 3, 6, 5 ],
[ 3, 1, 5, 2, 4, 6 ]
],
[ Sym(6) |
[ 2, 3, 1, 5, 6, 4 ],
[ 1, 4, 3, 2, 6, 5 ],
[ 3, 1, 4, 5, 2, 6 ]
],
[ Sym(6) |
[ 2, 3, 1, 5, 6, 4 ],
[ 2, 3, 5, 1, 4, 6 ],
[ 2, 4, 1, 6, 5, 3 ]
],
[ Sym(6) |
[ 2, 4, 6, 1, 3, 5 ],
[ 2, 5, 4, 6, 1, 3 ],
[ 3, 5, 2, 1, 4, 6 ]
],
[ Sym(6) |
[ 1, 4, 5, 2, 3, 6 ],
[ 2, 4, 1, 6, 5, 3 ],
[ 3, 2, 5, 1, 6, 4 ]
],
[ Sym(6) |
[ 1, 4, 6, 2, 5, 3 ],
[ 2, 5, 1, 4, 6, 3 ],
[ 3, 4, 5, 1, 2, 6 ]
],
[ Sym(6) |
[ 1, 4, 3, 2, 6, 5 ],
[ 2, 5, 1, 3, 4, 6 ],
[ 3, 5, 4, 1, 6, 2 ]
],
[ Sym(6) |
[ 1, 4, 6, 2, 5, 3 ],
[ 2, 5, 1, 4, 6, 3 ],
[ 3, 4, 5, 1, 2, 6 ]
],
[ Sym(6) |
[ 1, 4, 3, 2, 6, 5 ],
[ 2, 3, 1, 6, 4, 5 ],
[ 3, 5, 2, 1, 4, 6 ]
],
[ Sym(6) |
[ 2, 4, 1, 6, 5, 3 ],
[ 3, 5, 2, 4, 6, 1 ],
[ 1, 6, 5, 3, 2, 4 ]
],
[ Sym(6) |
[ 2, 3, 5, 1, 4, 6 ],
[ 2, 4, 1, 6, 5, 3 ],
[ 2, 3, 1, 5, 6, 4 ]
],
[ Sym(6) |
[ 2, 4, 5, 3, 1, 6 ],
[ 3, 1, 2, 5, 6, 4 ],
[ 4, 2, 6, 3, 1, 5 ]
]
];

genera_prim := [ 1, 1, 1, 1, 1, 1, 0, 0, 1, 1, 0, 0, 0, 0, 0, 1, 1, 1 ];
